%%%%ipnuts
%%% if they run the sum and fact at the same time:
inputs1 = {0 1 2 3 4 5 6 7 8 -1 -6 255 256};
inputs10= {[0 1 2 3 4 5 6 7 8 -1 -6 255 256]};
inputs11 = {10};
%%% if runs sum, then mult, then fact:
vectinput = [2 2 2 2];
inputs2 = {...
    [0 2 2 2];... %%triangle sum testing
    [1 2 2 2];...
    [6 2 2 2];...
    [255  2 2 2];...
    [256 2 2 2];...
    [-1 2 2 2];...
    [-6 2 2 2];...
    [2 0 0 2];... %%multiplications testing
    [2 2 2 2];...
    [2 4 5 2];...
    [2 -2 3 2];...
    [2 7 -3 2];...
    [2 -6 -2 2];...
    [2 32767 2 2];...
    [2 -32767 2 2];...
    [2 2 2 0];... %%% factorial testing
    [2 2 2 1];...
    [2 2 2 4];...
    [2 2 2 6];...
    [2 2 2 256];...
    [2 2 2 -1];...
    [2 2 2 -6];...
    };
%inputs22= shufflecell(inputs2, [4 1 2 3]);

inputs_sep1 = {0 1 6 255 256 -1 -6 };
inputs_sep2 = {...
    [0 0]
    [2 2]
    [4 5]
    [-2 3]
    [7 -3]
    [-6 -2]
    [32767 2]
    [-32767 2]
    };
%inputs_ = shufflecell(inputs2([1:7 16:22]), [4 1 ]);

inputs_sep3 = {0 1 4 6 7 8 256 -1 -6 };

inputs5 = {[128 128] [-128 -128]};

inputs6 = {...
    [0 3];...
    [1 3];...
    [2 3];...
    [3 3];...
    [4 3];...
    [6 3];...
    [7 3];...
    [8 3];...    [0 3];...
    [256 3];...
    [-1 3];...
    [-6 3];...
    [3 0];...
    [3 1];...
    [3 6];...
    [3 255];...
    [3 256];...
    [3 -1];...
    [3 -6];...
    };

inputs7 = {...
    [0 3 3 3];... %%triangle sum testing
    [1 3 3 3];...
    [6 3 3 3];...
    [255  3 3 3];...
    [256 3 3 3];...
    [-1 3 3 3];...
    [-6 3 3 3];...
    [3 0 0 3];... %%multiplications testing
    [3 2 2 3];...
    [3 4 5 3];...
    [3 -2 3 3];...
    [3 7 -3 3];...
    [3 -6 -2 3];...
    [3 32767 2 3];...
    [3 -32767 2 3];...
    [3 3 3 0];... %%% factorial testing
    [3 3 3 1];...
    [3 3 3 4];...
    [3 3 3 6];...
    [3 3 3 256];...
    [3 3 3 -1];...
    [3 3 3 -6];...
    };

inputs8 = {...
    [0 0]
    [1 1]
    [2 2]
    [4 5]
    [6 3]
    [7 2]
    [8 1]
    [255 1]
    [256 1]
    [-1 1]
    [-2 3]
    [7 -3]
    [-6 -2]
    [32767 2]
    [-32767 2]
    };